0 0.36701658368110657 0.8237006664276123 0.05587269365787506 0.08842699229717255
0 0.42652663588523865 0.21624605357646942 0.021795880049467087 0.0708346888422966
0 0.7314456701278687 0.5016181468963623 0.046862177550792694 0.04396047815680504
0 0.41544681787490845 0.8307100534439087 0.049631062895059586 0.08176493644714355
0 0.8047974705696106 0.18204724788665771 0.02376057580113411 0.05999840795993805
0 0.26099103689193726 0.8057135343551636 0.047383859753608704 0.08229421079158783
0 0.8186036944389343 0.43698516488075256 0.039610881358385086 0.03671744093298912
0 0.46373337507247925 0.8476110696792603 0.05477293208241463 0.0838657096028328
0 0.825121283531189 0.33213186264038086 0.02522081509232521 0.07032119482755661
0 0.7130875587463379 0.3197818994522095 0.026291802525520325 0.07700999826192856
0 0.24200007319450378 0.6417739391326904 0.023949388414621353 0.0942499190568924
0 0.3624807596206665 0.6527767181396484 0.022791290655732155 0.09867506474256516
0 0.876713216304779 0.8994241952896118 0.04408514127135277 0.03859112411737442
0 0.7727319002151489 0.11543374508619308 0.021262474358081818 0.05145493149757385
0 0.3325119614601135 0.2064480483531952 0.021709350869059563 0.06752713769674301
0 0.18272048234939575 0.7935539484024048 0.0440029539167881 0.08595853298902512
0 0.3196718394756317 0.8190455436706543 0.049418121576309204 0.0784987285733223
0 0.4504549503326416 0.09610741585493088 0.020163342356681824 0.06226477771997452
0 0.5773923993110657 0.8918347358703613 0.0505007803440094 0.08751025050878525
0 0.8610329031944275 0.19977575540542603 0.021133815869688988 0.05752391740679741
0 0.3049260079860687 0.6495763063430786 0.024685021489858627 0.08849512785673141
0 0.4838578999042511 0.2866676449775696 0.02313193492591381 0.0908287912607193
0 0.8935253620147705 0.20648975670337677 0.019155867397785187 0.05974309518933296
0 0.8468063473701477 0.1390191614627838 0.02320258505642414 0.05215585604310036
0 0.8201989531517029 0.9091264009475708 0.04836123064160347 0.04315371811389923
0 0.8038451075553894 0.33076077699661255 0.02365592122077942 0.0675329640507698
0 0.44909271597862244 0.655571460723877 0.024774551391601562 0.09779541939496994
0 0.6876179575920105 0.3148128390312195 0.02367178536951542 0.06595559418201447
0 0.6027722954750061 0.14861734211444855 0.02291201427578926 0.0627230629324913
0 0.5043458342552185 0.865928053855896 0.050251398235559464 0.0910249799489975
0 0.6276889443397522 0.6567234396934509 0.023541225120425224 0.09684306383132935
0 0.6351139545440674 0.2949564754962921 0.022272827103734016 0.0799390971660614
0 0.8639096617698669 0.1423695981502533 0.020483098924160004 0.05316656082868576
0 0.6166579127311707 0.9042072296142578 0.05353971943259239 0.08203163743019104
0 0.7440172433853149 0.16514112055301666 0.022064195945858955 0.06154021620750427
0 0.8118671178817749 0.12834079563617706 0.023260798305273056 0.05422801524400711
0 0.18728308379650116 0.1294623762369156 0.024136122316122055 0.062117818742990494
0 0.8772976398468018 0.20379166305065155 0.018838874995708466 0.05645863711833954
0 0.49886247515678406 0.09427271783351898 0.01674293912947178 0.05482088401913643
0 0.3959049880504608 0.48178285360336304 0.022248271852731705 0.0869235023856163
0 0.4252620041370392 0.48152902722358704 0.02203099988400936 0.09321233630180359
0 0.5619967579841614 0.3641539514064789 0.05431046336889267 0.04308605566620827
0 0.17528082430362701 0.2046160250902176 0.026838691905140877 0.06905721127986908
0 0.8390091061592102 0.03148769214749336 0.020342417061328888 0.05691750720143318
0 0.6996881365776062 0.15267853438854218 0.019901923835277557 0.05468239262700081
0 0.6562032699584961 0.9196984171867371 0.0451873280107975 0.07756314426660538
0 0.34127405285835266 0.4781881272792816 0.023163534700870514 0.07925554364919662
0 0.537871241569519 0.29897552728652954 0.02127288654446602 0.0808112695813179
0 0.37638598680496216 0.2142607569694519 0.01749289222061634 0.05505213513970375
0 0.3128955066204071 0.47851577401161194 0.023365981876850128 0.0845225602388382
0 0.39888426661491394 0.10190386325120926 0.01836981810629368 0.06012342497706413
0 0.1467510610818863 0.7870380282402039 0.04254109412431717 0.08369702845811844
0 0.45419466495513916 0.47569596767425537 0.021685604006052017 0.0819336548447609
0 0.6464980244636536 0.09075335413217545 0.02416328340768814 0.05976298823952675
0 0.6641947627067566 0.3131992816925049 0.022272421047091484 0.0791490375995636
0 0.9222985506057739 0.9019905924797058 0.03807356581091881 0.03686124086380005
0 0.5743163824081421 0.6676241755485535 0.022023433819413185 0.10192777216434479
0 0.1991574913263321 0.0697769895195961 0.021784232929348946 0.05538371205329895
0 0.714900553226471 0.7407081127166748 0.023697704076766968 0.09679468721151352
0 0.7850863933563232 0.17815130949020386 0.021426331251859665 0.05198698490858078
0 0.038435131311416626 0.3440488576889038 0.032296471297740936 0.034720104187726974
0 0.812667965888977 0.7305808067321777 0.020031681284308434 0.09420369565486908
0 0.7123128771781921 0.10122933238744736 0.02209099754691124 0.0491943284869194
0 0.9321619272232056 0.14716987311840057 0.01945696584880352 0.05317004397511482
0 0.8442690968513489 0.1964043825864792 0.020120978355407715 0.05574151128530502
0 0.5123483538627625 0.48909643292427063 0.02223270572721958 0.08711712062358856
0 0.03783459961414337 0.6169739961624146 0.020442260429263115 0.09022077918052673
0 0.19139346480369568 0.637175440788269 0.02207184210419655 0.08290734142065048
0 0.4848015010356903 0.2155890166759491 0.019237667322158813 0.06091815233230591
0 0.5107607245445251 0.293891042470932 0.022180790081620216 0.08078707009553909
0 0.3896350860595703 0.6607574820518494 0.02320832386612892 0.09111925214529037
0 0.7358877062797546 0.3178562819957733 0.026243925094604492 0.0713534951210022
0 0.21856066584587097 0.8044237494468689 0.042353302240371704 0.07616226375102997
0 0.2562728226184845 0.47287213802337646 0.02249808795750141 0.08389685302972794
0 0.5943906903266907 0.08779586851596832 0.018531329929828644 0.055969465523958206
0 0.781872570514679 0.3262593448162079 0.027350103482604027 0.07952912151813507
0 0.33791232109069824 0.28507840633392334 0.024157129228115082 0.08066587895154953
0 0.7575181722640991 0.31796684861183167 0.02477276884019375 0.07760783284902573
0 0.12128561735153198 0.7733215093612671 0.040683645755052567 0.08515863865613937
0 0.08241932839155197 0.6255428194999695 0.020391881465911865 0.0897073745727539
0 0.7595159411430359 0.9064138531684875 0.0384753979742527 0.08575619757175446
0 0.924423336982727 0.21932661533355713 0.017661212012171745 0.05410749465227127
0 0.9755582213401794 0.22605647146701813 0.027183765545487404 0.02812149189412594
0 0.4562421143054962 0.2920829653739929 0.02160804532468319 0.07625280320644379
0 0.47438108921051025 0.09318914264440536 0.018120869994163513 0.05709792301058769
0 0.6292235255241394 0.14322133362293243 0.023751912638545036 0.07172612845897675
0 0.733293890953064 0.10759643465280533 0.022919515147805214 0.04838165268301964
0 0.9022961854934692 0.5051023960113525 0.03801283985376358 0.03916855901479721
0 0.7416994571685791 0.7395181655883789 0.023119978606700897 0.09281386435031891
0 0.39880362153053284 0.2968599796295166 0.02209472842514515 0.08870802819728851
0 0.6796666979789734 0.15905024111270905 0.02092295140028 0.06093085929751396
0 0.8952502012252808 0.14779207110404968 0.021380284801125526 0.05140390247106552
0 0.5124373435974121 0.6629338264465332 0.023315243422985077 0.09812629222869873
0 0.8384580612182617 0.7318305373191833 0.02095729298889637 0.09264014661312103
0 0.5368190407752991 0.16644823551177979 0.0457131527364254 0.03481348231434822
0 0.8807816505432129 0.340844064950943 0.02055181935429573 0.06591448932886124
0 0.018606578931212425 0.61563640832901 0.021602796390652657 0.0850316733121872
0 0.07326676696538925 0.3404257297515869 0.03310471773147583 0.03621185943484306
0 0.37061551213264465 0.2882446050643921 0.021405605599284172 0.08143407851457596
0 0.8087944984436035 0.025173209607601166 0.02024644985795021 0.04885324090719223
0 0.5645071864128113 0.30099600553512573 0.021130366250872612 0.0827379822731018
0 0.6917255520820618 0.0970924124121666 0.021044213324785233 0.05216328427195549
0 0.2840190827846527 0.4763200581073761 0.022106830030679703 0.07579134404659271
0 0.6719111204147339 0.09792676568031311 0.022544486448168755 0.06022894009947777
0 0.5230526924133301 0.09375787526369095 0.018060870468616486 0.05289831757545471
0 0.7749224305152893 0.01858336851000786 0.01891496032476425 0.03566964715719223
0 0.3064571022987366 0.2851829528808594 0.0232454352080822 0.08407402783632278
0 0.5410628318786621 0.8793628811836243 0.049407556653022766 0.08985152095556259
0 0.9408426880836487 0.5076562762260437 0.02913266234099865 0.0306240227073431
0 0.16485872864723206 0.6335942149162292 0.02368522807955742 0.08613733947277069
0 0.9094506502151489 0.2125171422958374 0.018690038472414017 0.05382166802883148
0 0.05908440425992012 0.6167489886283875 0.02105615846812725 0.0870843306183815
0 0.5442745089530945 0.6593574285507202 0.022095639258623123 0.09478229284286499
0 0.09304117411375046 0.769422709941864 0.029490351676940918 0.07314655929803848
0 0.5479941368103027 0.016330057755112648 0.023764031007885933 0.033953066915273666
0 0.9137035012245178 0.15503373742103577 0.021384723484516144 0.053420085459947586
0 0.7674223780632019 0.7378671765327454 0.021284764632582664 0.09013862907886505
0 0.725874125957489 0.9098958373069763 0.037028029561042786 0.08859280496835709
0 0.009171297773718834 0.3461339473724365 0.017979521304368973 0.03484157472848892
0 0.9684147238731384 0.19550199806690216 0.026104217395186424 0.02770180255174637
0 0.8768599629402161 0.1432660073041916 0.020420456305146217 0.05259178206324577
0 0.5409210324287415 0.48562997579574585 0.020743655040860176 0.0799868106842041
0 0.2772679626941681 0.27786898612976074 0.02393401227891445 0.08357813954353333
0 0.47963589429855347 0.6566048860549927 0.025603005662560463 0.09805942326784134
0 0.7922247648239136 0.022870471701025963 0.019411610439419746 0.04214004799723625
0 0.7041233777999878 0.008665341883897781 0.018251189962029457 0.016050854697823524
0 0.8542850613594055 0.037401337176561356 0.020062485709786415 0.051701463758945465
0 0.9719896912574768 0.1246158555150032 0.02256845310330391 0.02864443138241768
0 0.9673152565956116 0.10148046165704727 0.023183630779385567 0.0252488162368536
0 0.9481925964355469 0.11712224781513214 0.025616273283958435 0.02825271524488926
0 0.9865104556083679 0.2864720821380615 0.022801177576184273 0.027357490733265877
0 0.508980929851532 0.2198193222284317 0.02018919214606285 0.05928628146648407
0 0.7574318051338196 0.015848800539970398 0.018483761698007584 0.029540827497839928
0 0.5343613624572754 0.22070205211639404 0.02182069607079029 0.0601852647960186
0 0.9768967032432556 0.506671130657196 0.036590516567230225 0.03292195498943329
0 0.9529871940612793 0.14203405380249023 0.025062408298254013 0.02669876627624035
0 0.5512799620628357 0.13324862718582153 0.038596637547016144 0.0346749983727932
0 0.6112256050109863 0.8062158823013306 0.04947322979569435 0.04739297553896904
0 0.21163897216320038 0.019883252680301666 0.02487390674650669 0.03972554951906204
0 0.42851367592811584 0.298097163438797 0.020936548709869385 0.08007272332906723
0 0.9783083200454712 0.14708854258060455 0.022137437015771866 0.02396959625184536
0 0.8790224194526672 0.043392956256866455 0.022451026365160942 0.048498865216970444
0 0.7406420707702637 0.014406878501176834 0.018022187054157257 0.02620743215084076
0 0.7221681475639343 0.010055663995444775 0.01635410264134407 0.01924845203757286
0 0.4286946654319763 0.0075664096511900425 0.017985118553042412 0.01527287345379591
0 0.9854322671890259 0.17206840217113495 0.022196544334292412 0.029866142198443413
0 0.4723462164402008 0.007181126624345779 0.017350196838378906 0.014007902704179287
0 0.9911537170410156 0.1995849311351776 0.015573910437524319 0.02915012277662754
0 0.9396124482154846 0.08816007524728775 0.02702886052429676 0.03199723735451698
0 0.9616515636444092 0.16817526519298553 0.02633487619459629 0.027089687064290047
0 0.9923750162124634 0.3447208106517792 0.013874294236302376 0.029813235625624657
0 0.9383533596992493 0.010932703502476215 0.02138892374932766 0.02097577415406704
0 0.8233180642127991 0.029389895498752594 0.020225489512085915 0.05430234223604202
0 0.004517852794378996 0.611045777797699 0.00945265218615532 0.08106586337089539
0 0.9550938010215759 0.06414187699556351 0.02028743363916874 0.03247218579053879
0 0.5611806511878967 0.21860873699188232 0.02253289707005024 0.06648717820644379
0 0.6855337619781494 0.004439899232238531 0.01669464446604252 0.008468007668852806
0 0.5963299870491028 0.005997838452458382 0.035558633506298065 0.011894256807863712
0 0.9955577850341797 0.5063095092773438 0.008483156561851501 0.028862548992037773
0 0.9124100208282471 0.0036176086869090796 0.025056567043066025 0.007754033897072077
0 0.9959760904312134 0.37553271651268005 0.006895001977682114 0.0324443019926548
0 0.6654810309410095 0.0016435796860605478 0.02056705392897129 0.00327175366692245
0 0.9326839447021484 0.058530066162347794 0.025201452895998955 0.030477374792099
0 0.6450944542884827 0.30480480194091797 0.022564470767974854 0.07210361957550049
0 0.9226609468460083 0.5070824027061462 0.0358625091612339 0.03462440147995949
0 0.23768535256385803 0.806204080581665 0.044009558856487274 0.08528735488653183
0 0.4429030120372772 0.2944676876068115 0.023974334821105003 0.07380881905555725
0 0.8222628235816956 0.7304040193557739 0.01920185796916485 0.0898556187748909
0 0.49709174036979675 0.21956223249435425 0.021661145612597466 0.059929993003606796
0 0.7495962381362915 0.01500637736171484 0.01736888848245144 0.030229371041059494
0 0.2999083399772644 0.47774946689605713 0.018932169303297997 0.0755143016576767
0 0.9638599753379822 0.1331452876329422 0.024573372676968575 0.031186716631054878
0 0.5613726377487183 0.6629633903503418 0.02457534149289131 0.09861654043197632
0 0.6130285263061523 0.14819681644439697 0.024215558543801308 0.06555027514696121
0 0.9611014127731323 0.08710458874702454 0.022150306031107903 0.02734704688191414
0 0.49704501032829285 0.28671500086784363 0.02229326404631138 0.08003925532102585
0 0.07169681042432785 0.6221240162849426 0.020894110202789307 0.08765500038862228
0 0.9263576865196228 0.011550233699381351 0.02532031387090683 0.0166606567800045
0 0.5473120808601379 0.2991096079349518 0.023491837084293365 0.07453110069036484
0 0.9241689443588257 0.14301533997058868 0.021922308951616287 0.04289707913994789
0 0.4912990629673004 0.09275303035974503 0.017760561779141426 0.05737784877419472
0 0.38469383120536804 0.293067067861557 0.021692072972655296 0.08079936355352402
0 0.8680273294448853 0.04050694778561592 0.01910480111837387 0.051570966839790344
0 0.973386287689209 0.18251542747020721 0.025185154750943184 0.029035991057753563
0 0.4395754039287567 0.4800914525985718 0.020493876188993454 0.08021783828735352
0 0.29024600982666016 0.28278160095214844 0.021536022424697876 0.08263280987739563
0 0.4991284906864166 0.6614148616790771 0.024875326082110405 0.09887177497148514
0 0.7140485048294067 0.1231098398566246 0.02273203618824482 0.0601070336997509
0 0.7639168500900269 0.1720312386751175 0.02104566991329193 0.05531022697687149
0 0.18189679086208344 0.6353440284729004 0.022922297939658165 0.08425018191337585
0 0.9580925107002258 0.12127173691987991 0.025076087564229965 0.025502104312181473
0 0.9329866170883179 0.07246401160955429 0.026734793558716774 0.031051408499479294
0 0.903038501739502 0.19209982454776764 0.01935485005378723 0.05978455767035484
0 0.02249736711382866 0.3450453281402588 0.023530570790171623 0.033846985548734665
0 0.4439040720462799 0.0060483478009700775 0.01788095012307167 0.013974946923553944
0 0.6576244831085205 0.09281575679779053 0.02648506499826908 0.06037212908267975
0 0.5458095669746399 0.22257405519485474 0.026715075597167015 0.06179100647568703
0 0.6732295751571655 0.002324113855138421 0.019983991980552673 0.005650341510772705
0 0.992285966873169 0.3724731504917145 0.011782883666455746 0.031337909400463104
0 0.9931944608688354 0.9942474365234375 0.011777090840041637 0.010464327409863472
0 0.29214122891426086 0.8129708766937256 0.05322607606649399 0.09063832461833954
0 0.9761261940002441 0.7621802687644958 0.018171826377511024 0.037754204124212265
0 0.03523479774594307 0.7442554235458374 0.022223379462957382 0.06223919242620468
