0 0.634647786617279 0.6293968558311462 0.021877536550164223 0.049354732036590576
0 0.6822724342346191 0.5385258197784424 0.03933551907539368 0.03787560388445854
0 0.6497171521186829 0.35309672355651855 0.037836719304323196 0.036854617297649384
0 0.6377765536308289 0.47557249665260315 0.04327985644340515 0.039455413818359375
0 0.8524495363235474 0.44290661811828613 0.03396998718380928 0.040443792939186096
0 0.8872692584991455 0.4006690979003906 0.03560355305671692 0.03856654092669487
0 0.5441928505897522 0.569835364818573 0.03945087268948555 0.044707730412483215
0 0.5673745274543762 0.5498577356338501 0.04017745330929756 0.04433121159672737
0 0.7834473848342896 0.3841617703437805 0.03953861445188522 0.03909335657954216
0 0.8854374885559082 0.724871814250946 0.043097686022520065 0.04569461941719055
0 0.08860135078430176 0.07377113401889801 0.037339575588703156 0.04319857433438301
0 0.813356876373291 0.4814269542694092 0.021375948563218117 0.0489337183535099
0 0.17376208305358887 0.9171125292778015 0.035424213856458664 0.04147744178771973
0 0.6096218228340149 0.5149547457695007 0.03883720189332962 0.04290678724646568
0 0.7254008650779724 0.44973939657211304 0.0382084846496582 0.04050262272357941
0 0.6910229325294495 0.5911110043525696 0.022440476343035698 0.05248634144663811
0 0.7570559978485107 0.412541002035141 0.03678304702043533 0.038960400968790054
0 0.506324827671051 0.4881550073623657 0.04070108011364937 0.03770847246050835
0 0.7719986438751221 0.8364006280899048 0.04363808408379555 0.03917025029659271
0 0.8005489706993103 0.3668685853481293 0.037261903285980225 0.03676992282271385
0 0.36280953884124756 0.4923188090324402 0.04003619775176048 0.0412820540368557
0 0.7429638504981995 0.4301729202270508 0.03829975426197052 0.04353620484471321
0 0.27964743971824646 0.8140178322792053 0.035104941576719284 0.03704710304737091
0 0.6028544306755066 0.6479236483573914 0.024566227570176125 0.05202074348926544
0 0.8075323700904846 0.7943280339241028 0.03907950222492218 0.045415837317705154
0 0.9149006009101868 0.37580251693725586 0.03092995658516884 0.03182200714945793
0 0.29794660210609436 0.5466353297233582 0.03556537255644798 0.04012848436832428
0 0.4261208176612854 0.5616058707237244 0.03906252235174179 0.03661620616912842
0 0.8450383543968201 0.7535144090652466 0.0415828637778759 0.04555224999785423
0 0.9181343913078308 0.5069642066955566 0.038735270500183105 0.03575963154435158
0 0.5856455564498901 0.5291358828544617 0.03785398602485657 0.04130316898226738
0 0.6814653873443604 0.27381014823913574 0.028229452669620514 0.028513764962553978
0 0.18719197809696198 0.8983231782913208 0.03846535086631775 0.040055785328149796
0 0.6605798006057739 0.6119402050971985 0.020192205905914307 0.05287686735391617
0 0.7512421607971191 0.5536566376686096 0.02012486942112446 0.045572102069854736
0 0.4633077383041382 0.5223081707954407 0.03483768552541733 0.03670891746878624
0 0.52420574426651 0.5887029767036438 0.03877748176455498 0.04261590540409088
0 0.9110490679740906 0.6356247067451477 0.04523185268044472 0.04287466034293175
0 0.12493038177490234 0.033233825117349625 0.03794390335679054 0.047130048274993896
0 0.25710630416870117 0.8263712525367737 0.03407730162143707 0.040388744324445724
0 0.564952552318573 0.6726537942886353 0.023917462676763535 0.0493706613779068
0 0.5319629311561584 0.7018165588378906 0.020581893622875214 0.05390019342303276
0 0.7213504314422607 0.5722991824150085 0.021708551794290543 0.05375730246305466
0 0.9781765937805176 0.5762313604354858 0.03579651191830635 0.04580831155180931
0 0.44495442509651184 0.5432131886482239 0.03706345707178116 0.038759585469961166
0 0.8787326812744141 0.5471711754798889 0.04612249135971069 0.021025842055678368
0 0.28829583525657654 0.5027086138725281 0.03334962949156761 0.03761126473546028
0 0.7853643894195557 0.22063769400119781 0.024297796189785004 0.02615027129650116
0 0.8721197247505188 0.8561369180679321 0.038798656314611435 0.04015617445111275
0 0.40278756618499756 0.8102855086326599 0.020457642152905464 0.04938267171382904
0 0.8075423240661621 0.6089436411857605 0.04355967044830322 0.02213769219815731
0 0.31903713941574097 0.5273489952087402 0.034174732863903046 0.03997618332505226
0 0.0691647082567215 0.0967261791229248 0.04106152057647705 0.042807433754205704
0 0.07612710446119308 0.8099748492240906 0.029403718188405037 0.02561546117067337
0 0.5229353904724121 0.47132739424705505 0.03327064588665962 0.03361797705292702
0 0.9582434296607971 0.47482022643089294 0.04062330722808838 0.039596885442733765
0 0.7610124945640564 0.24417275190353394 0.029690677300095558 0.027728401124477386
0 0.791963517665863 0.5021786093711853 0.024892788380384445 0.049675941467285156
0 0.3524515628814697 0.44607266783714294 0.03140643611550331 0.032717131078243256
0 0.9279383420944214 0.621647298336029 0.03847213461995125 0.04270029813051224
0 0.39687028527259827 0.45340678095817566 0.03722785413265228 0.036985598504543304
0 0.20028211176395416 0.884630024433136 0.0363226979970932 0.041827160865068436
0 0.8398350477218628 0.16785575449466705 0.026786215603351593 0.02674994245171547
0 0.09896412491798401 0.7880859375 0.028278538957238197 0.027033304795622826
0 0.18739046156406403 0.6031912565231323 0.0252749752253294 0.0354500450193882
0 0.8214653134346008 0.6788666844367981 0.037879303097724915 0.04232189804315567
0 0.8190895915031433 0.9136385917663574 0.04155643284320831 0.04196973145008087
0 0.9437987804412842 0.6036912202835083 0.03414719179272652 0.04373367130756378
0 0.8366709351539612 0.9011420011520386 0.04040999338030815 0.04029478877782822
0 0.1700386106967926 0.7142758369445801 0.025270631536841393 0.027825942263007164
0 0.32754749059677124 0.08637060970067978 0.02487712912261486 0.036216460168361664
0 0.14957882463932037 0.7381349802017212 0.02449735999107361 0.029811231419444084
0 0.2780611217021942 0.5616266131401062 0.034345220774412155 0.04164779186248779
0 0.4992901086807251 0.7312322854995728 0.01963946223258972 0.04960794374346733
0 0.10941963642835617 0.056998930871486664 0.036289531737565994 0.04570592939853668
0 0.41258227825164795 0.43192803859710693 0.041181281208992004 0.04228047654032707
0 0.44870081543922424 0.056870412081480026 0.02030407078564167 0.03472040221095085
0 0.888969898223877 0.83780437707901 0.029155012220144272 0.03585675731301308
0 0.29979798197746277 0.12654314935207367 0.034152183681726456 0.0385778471827507
0 0.3127901554107666 0.09970729053020477 0.027718601748347282 0.03751782327890396
0 0.72978675365448 0.7266911268234253 0.05179249122738838 0.02459465153515339
0 0.9836042523384094 0.4433373808860779 0.026111001148819923 0.03579868748784065
0 0.4574948847293854 0.7618963122367859 0.022060750052332878 0.04965749755501747
0 0.3544909358024597 0.8437970876693726 0.02163125015795231 0.051121786236763
0 0.3352944254875183 0.6465194225311279 0.03753167390823364 0.039801109582185745
0 0.8112683296203613 0.19599133729934692 0.03014865703880787 0.030684534460306168
0 0.2343490570783615 0.18723435699939728 0.027387717738747597 0.03018920309841633
0 0.9058899879455566 0.9681503772735596 0.03767084702849388 0.04028939828276634
0 0.12298309057950974 0.7644121050834656 0.02698519639670849 0.029355132952332497
0 0.3832595944404602 0.4747011363506317 0.03183840215206146 0.03209038823843002
0 0.21815189719200134 0.8642664551734924 0.03430075943470001 0.0405278354883194
0 0.42783331871032715 0.7920556664466858 0.02473410591483116 0.046929407864809036
0 0.7908076047897339 0.8178418874740601 0.03844963014125824 0.04167843610048294
0 0.15245814621448517 0.5376017093658447 0.023180974647402763 0.030080027878284454
0 0.7690029740333557 0.6700198650360107 0.0565219521522522 0.021834248676896095
0 0.34638848900794983 0.7523672580718994 0.039490725845098495 0.03992319852113724
0 0.23849928379058838 0.8455650806427002 0.03489018604159355 0.041435521095991135
0 0.33170613646507263 0.20321182906627655 0.03454534709453583 0.04116092249751091
0 0.9410350918769836 0.9306007027626038 0.03517872095108032 0.04246481508016586
0 0.4696507751941681 0.6459124088287354 0.04144341126084328 0.041252829134464264
0 0.21443630754947662 0.9773328900337219 0.031708892434835434 0.024065548554062843
0 0.16653123497962952 0.5637763142585754 0.021977510303258896 0.03667806461453438
0 0.34326279163360596 0.06804750114679337 0.02747369185090065 0.03781263157725334
0 0.8606629371643066 0.1438065469264984 0.023553287610411644 0.02622983232140541
0 0.3007075786590576 0.27161258459091187 0.02732132375240326 0.025594215840101242
0 0.3848177194595337 0.7164473533630371 0.04101404920220375 0.04099009186029434
0 0.9276356101036072 0.9545977711677551 0.03950493037700653 0.04507610946893692
0 0.12238280475139618 0.976100504398346 0.04134812951087952 0.04185327887535095
0 0.8857762217521667 0.9790451526641846 0.04615866765379906 0.03802116587758064
0 0.9537968635559082 0.9100136160850525 0.03892185911536217 0.03989182040095329
0 0.9146814942359924 0.041046787053346634 0.024445790797472 0.030557550489902496
0 0.43169885873794556 0.4172177314758301 0.04162535443902016 0.03856941685080528
0 0.7861765623092651 0.6403288841247559 0.05591733381152153 0.024788981303572655
0 0.010852129198610783 0.9773728251457214 0.021553289145231247 0.034024037420749664
0 0.7296792268753052 0.875361979007721 0.03918270394206047 0.04543084651231766
0 0.04986002296209335 0.12023022025823593 0.04211946576833725 0.042177464812994
0 0.5809093117713928 0.19082510471343994 0.032843973487615585 0.022833097726106644
0 0.3589366376399994 0.055128443986177444 0.025347081944346428 0.035250239074230194
0 0.33413639664649963 0.7646598219871521 0.03846168518066406 0.03938060253858566
0 0.2861470878124237 0.28719863295555115 0.023627756163477898 0.03146762400865555
0 0.020182598382234573 0.0096312640234828 0.03312895447015762 0.016933605074882507
0 0.8269927501678467 0.7742493152618408 0.03840402141213417 0.0448746457695961
0 0.48886534571647644 0.6297173500061035 0.03652803599834442 0.03831382468342781
0 0.5370551943778992 0.18751421570777893 0.03372607007622719 0.021143168210983276
0 0.8575961589813232 0.5688985586166382 0.050804249942302704 0.02624274604022503
0 0.437398761510849 0.07056896388530731 0.01791243813931942 0.033826813101768494
0 0.2751718759536743 0.36662161350250244 0.022416405379772186 0.025262312963604927
0 0.8851203918457031 0.12005861103534698 0.028067823499441147 0.02872108295559883
0 0.6422949433326721 0.976032555103302 0.04010913521051407 0.04276080057024956
0 0.2200865000486374 0.20903009176254272 0.03677688539028168 0.04424967244267464
0 0.4693564474582672 0.02879081666469574 0.021113447844982147 0.03185369074344635
0 0.3217364251613617 0.47610291838645935 0.028199926018714905 0.030943678691983223
0 0.3724914491176605 0.6130979657173157 0.0367409884929657 0.04438088461756706
0 0.3896433413028717 0.5947702527046204 0.03840441256761551 0.04107947647571564
0 0.3763904273509979 0.832505464553833 0.023655951023101807 0.049306150525808334
0 0.35331565141677856 0.6288883090019226 0.03475992754101753 0.04387107118964195
0 0.7148151397705078 0.8893191814422607 0.042017802596092224 0.04432961717247963
0 0.7987189292907715 0.9323890209197998 0.04378366842865944 0.040777504444122314
0 0.5149553418159485 0.33913251757621765 0.04165472462773323 0.03390401974320412
0 0.16792377829551697 0.11679043620824814 0.04132997244596481 0.03909562528133392
0 0.7470728754997253 0.9819127321243286 0.05057608708739281 0.03569583222270012
0 0.597887396812439 0.27172568440437317 0.04283275455236435 0.03312887251377106
0 0.3392709791660309 0.5084025263786316 0.04161742702126503 0.03758050873875618
0 0.25491440296173096 0.1727362871170044 0.038928356021642685 0.03879847377538681
0 0.13408823311328888 0.5076189637184143 0.027515964582562447 0.03041735291481018
0 0.09785431623458862 0.1939612478017807 0.043809521943330765 0.04691888019442558
0 0.20165623724460602 0.9924002289772034 0.05289394035935402 0.01662462204694748
0 0.9431852102279663 0.9636331796646118 0.04137343540787697 0.04564623162150383
0 0.9858568906784058 0.015437380410730839 0.025126108899712563 0.026657026261091232
0 0.5717580914497375 0.2966933846473694 0.042347025126218796 0.03442976251244545
0 0.045371927320957184 0.24706044793128967 0.04202662780880928 0.04531650245189667
0 0.4030594229698181 0.3575335443019867 0.0386899895966053 0.0384221114218235
0 0.7452574968338013 0.6995465159416199 0.0624547004699707 0.023283930495381355
0 0.08715829253196716 0.3471599519252777 0.03830670937895775 0.05072108283638954
0 0.14844432473182678 0.27925440669059753 0.03765524923801422 0.042416397482156754
0 0.4798106551170349 0.22867357730865479 0.045964814722537994 0.03068620339035988
0 0.0764409676194191 0.2146715372800827 0.04688583314418793 0.04533681273460388
0 0.9943800568580627 0.9924250245094299 0.010386401787400246 0.013419407419860363
0 0.4520081579685211 0.40094369649887085 0.04028361663222313 0.04132899269461632
0 0.5360528826713562 0.3263499140739441 0.02779547870159149 0.030899520963430405
0 0.11205834895372391 0.3262178897857666 0.036045923829078674 0.05028257146477699
0 0.8664582967758179 0.990267276763916 0.03519855812191963 0.01843802072107792
0 0.49207043647766113 0.22175784409046173 0.03263894096016884 0.025093628093600273
0 0.20581498742103577 0.23146481812000275 0.03870939463376999 0.04870368540287018
0 0.30184173583984375 0.3389585018157959 0.020211463794112206 0.02379441447556019
0 0.6525096297264099 0.8318710327148438 0.0619366317987442 0.02858174405992031
0 0.41864123940467834 0.11260181665420532 0.02658238261938095 0.05269661918282509
0 0.3534042239189148 0.2872757017612457 0.028925390914082527 0.031812455505132675
0 0.9894942045211792 0.5622559785842896 0.021006040275096893 0.048652973026037216
0 0.009057524614036083 0.03503577411174774 0.01572100818157196 0.027478083968162537
0 0.9930583834648132 0.9656642079353333 0.013151232153177261 0.029087813571095467
0 0.1500791609287262 0.1358630657196045 0.04751228541135788 0.04332338646054268
0 0.9696650505065918 0.8905497193336487 0.04211088642477989 0.04451669380068779
0 0.16517293453216553 0.014608406461775303 0.04628276824951172 0.026673607528209686
0 0.7739195823669434 0.394164502620697 0.0311021376401186 0.03750380501151085
0 0.5857753157615662 0.2822212278842926 0.04585130885243416 0.033760037273168564
0 0.502751886844635 0.24523760378360748 0.030644796788692474 0.02777744084596634
0 0.3538669943809509 0.35335874557495117 0.02789531648159027 0.03176191821694374
0 0.5147542953491211 0.598768413066864 0.03203379735350609 0.041617024689912796
0 0.6094671487808228 0.9949668049812317 0.030143922194838524 0.008686534129083157
0 0.010689374059438705 0.176423579454422 0.020410843193531036 0.05016767233610153
0 0.13277415931224823 0.7532433867454529 0.02747260220348835 0.03308696299791336
0 0.12872307002544403 0.30029135942459106 0.038527555763721466 0.048142895102500916
0 0.0804128423333168 0.08811430633068085 0.03397371992468834 0.04341920465230942
0 0.016430962830781937 0.018694497644901276 0.02009475603699684 0.017702298238873482
0 0.4553854465484619 0.6563593149185181 0.03241598978638649 0.03611551970243454
0 0.9715633392333984 0.4552830755710602 0.031027140095829964 0.03601357713341713
0 0.3415301442146301 0.495149165391922 0.03274296596646309 0.03343815356492996
0 0.5943039059638977 0.14822280406951904 0.029446881264448166 0.016713807359337807
0 0.80315762758255 0.49254074692726135 0.02392338588833809 0.04849967360496521
0 0.7729479074478149 0.6611319184303284 0.03868088871240616 0.026890011504292488
0 0.7079393267631531 0.7598299980163574 0.05699729546904564 0.02963523380458355
0 0.6510254740715027 0.6199221014976501 0.019904809072613716 0.054466575384140015
0 0.4077019989490509 0.4049408435821533 0.038209445774555206 0.029871953651309013
0 0.6346681714057922 0.8617677092552185 0.051294926553964615 0.024192217737436295
0 0.9653371572494507 0.9278298616409302 0.03153907507658005 0.03707277402281761
0 0.09987480938434601 0.9890416860580444 0.046425748616456985 0.02195729687809944
0 0.3702491223812103 0.04483876749873161 0.026617014780640602 0.03190087899565697
0 0.3899249732494354 0.816870927810669 0.020250951871275902 0.046101391315460205
0 0.9214459657669067 0.9695572257041931 0.03780504688620567 0.03572098910808563
0 0.8131169080734253 0.6687317490577698 0.03341994062066078 0.03289689123630524
0 0.038245707750320435 0.12826880812644958 0.027709821239113808 0.044447191059589386
0 0.35072439908981323 0.18682360649108887 0.03900753706693649 0.042138293385505676
0 0.34285208582878113 0.8499944806098938 0.020338555797934532 0.044259365648031235
0 0.24594490230083466 0.23483452200889587 0.02513420209288597 0.028287427499890327
0 0.4976690113544464 0.1239178329706192 0.01798020489513874 0.036218833178281784
0 0.5537583231925964 0.8249506950378418 0.02798781543970108 0.06125766411423683
0 0.5306470394134521 0.21975260972976685 0.052138835191726685 0.028322411701083183
0 0.44864845275878906 0.07410889863967896 0.021760866045951843 0.029163576662540436
0 0.08681011199951172 0.9924468994140625 0.03527247533202171 0.013186215423047543
0 0.43757349252700806 0.3065742552280426 0.04474983364343643 0.03260481357574463
0 0.9693444967269897 0.5886896252632141 0.03355734050273895 0.038948509842157364
0 0.18736734986305237 0.24460092186927795 0.03700249642133713 0.043884772807359695
0 0.8213819861412048 0.18371883034706116 0.029613034799695015 0.03429384157061577
0 0.3970860242843628 0.3445013761520386 0.03292149305343628 0.029224751517176628
0 0.32970720529556274 0.3831332325935364 0.02987605892121792 0.024859614670276642
0 0.7701860070228577 0.23326997458934784 0.02700713276863098 0.026366211473941803
0 0.38623160123825073 0.023879343643784523 0.024484237655997276 0.025012146681547165
0 0.007782781030982733 0.9944135546684265 0.020169556140899658 0.014075029641389847
0 0.2847786843776703 0.23907789587974548 0.04033516347408295 0.03392195329070091
0 0.02283323183655739 0.2697431743144989 0.03947363421320915 0.04435431957244873
0 0.4673897624015808 0.39030471444129944 0.04424336180090904 0.04026011750102043
0 0.7590175271034241 0.9710608124732971 0.04861980304121971 0.04539124667644501
0 0.8715377449989319 0.13406844437122345 0.025215212255716324 0.023547783493995667
0 0.6143165230751038 0.2581063210964203 0.052611950784921646 0.03426802158355713
0 0.4298931062221527 0.1249348372220993 0.02810092084109783 0.03832930698990822
0 0.48769593238830566 0.4147646725177765 0.04003990814089775 0.03125368431210518
0 0.9144359230995178 0.9956323504447937 0.034826941788196564 0.008866782300174236
0 0.010110926814377308 0.14825336635112762 0.018530329689383507 0.038265351206064224
0 0.49282750487327576 0.2367609143257141 0.036094438284635544 0.02557598240673542
0 0.9817894101142883 0.9741095304489136 0.02003665082156658 0.01957663707435131
0 0.2920535206794739 0.42250603437423706 0.03031933307647705 0.027615733444690704
0 0.5623624920845032 0.18214496970176697 0.028725864365696907 0.01973629929125309
0 0.5215384364128113 0.13875901699066162 0.02378382533788681 0.028097568079829216
0 0.2347601056098938 0.22978489100933075 0.024301251396536827 0.03419236093759537
0 0.40178701281547546 0.14186522364616394 0.02680935710668564 0.04216638579964638
0 0.6580027937889099 0.8228772878646851 0.03900739178061485 0.022798215970396996
0 0.47807854413986206 0.1505388617515564 0.02078043483197689 0.03490454703569412
0 0.38508790731430054 0.17853045463562012 0.03137272968888283 0.03972331061959267
0 0.7046554088592529 0.9089283347129822 0.043561793863773346 0.04063178598880768
0 0.6737609505653381 0.9247875213623047 0.037962887436151505 0.0343966968357563
0 0.11495640128850937 0.17969131469726562 0.045397013425827026 0.04461461305618286
0 0.4895578622817993 0.2494550198316574 0.038892924785614014 0.029033459722995758
0 0.4463101923465729 0.2901395857334137 0.0406484454870224 0.02746366523206234
0 0.3346574306488037 0.37057244777679443 0.03159073740243912 0.02904367819428444
0 0.006120389327406883 0.31065234541893005 0.011432357132434845 0.03217928856611252
0 0.4797143340110779 0.017622020095586777 0.022980937734246254 0.02622353285551071
0 0.41683995723724365 0.14269103109836578 0.023975931107997894 0.0332445465028286
0 0.2933163344860077 0.35503408312797546 0.026144642382860184 0.02311798185110092
0 0.47721195220947266 0.16427752375602722 0.025389913469552994 0.02989552542567253
0 0.49152323603630066 0.024256227537989616 0.02028629742562771 0.023766331374645233
0 0.3351593315601349 0.8552035093307495 0.01912648417055607 0.034293610602617264
0 0.3865252733230591 0.020977597683668137 0.04053159058094025 0.04416263848543167
0 0.015163031406700611 0.28328195214271545 0.020173050463199615 0.03778514638543129
0 0.4550606608390808 0.18072837591171265 0.02784574031829834 0.02351132407784462
0 0.16558213531970978 0.2590519189834595 0.038898345082998276 0.049096185714006424
0 0.49144071340560913 0.18638281524181366 0.030069660395383835 0.022015947848558426
0 0.40240904688835144 0.2960189878940582 0.03200941160321236 0.027502423152327538
0 0.6009911894798279 0.1777208149433136 0.02730175107717514 0.017643308266997337
0 0.5106156468391418 0.20909607410430908 0.028547214344143867 0.02690972201526165
0 0.29504328966140747 0.4051658511161804 0.027604365721344948 0.024311071261763573
0 0.45800384879112244 0.2453831136226654 0.03442796692252159 0.024902887642383575
0 0.22873544692993164 0.199194073677063 0.03319653496146202 0.03506617620587349
